res_edu: A
	[('total_num', 113), (11824261, 47), (11824259, 22), (11824248, 12), (11824246, 10), (11824252, 6), (11824268, 4), (11824247, 4), (11824249, 4), (11824263, 1), (3118, 1), (11824244, 1), (11824245, 1)]

res_edu: B
	[('total_num', 157560), (-1, 74927), (11824262, 15679), (11824245, 14587), (11824255, 13942), (11824254, 7538), (11824252, 6162), (11824246, 5725), (11824261, 4604), (11824247, 2658), (11824253, 2409), (11824268, 2277), (11824260, 2120), (11824248, 1910), (11824256, 754), (11824263, 749), (11824244, 437), (11824258, 389), (11824259, 245), (11824257, 166), (11824249, 119), (11824270, 90), (3118, 69), (11824299, 3), (11824353, 1)]

res_edu: C
	[('total_num', 28648), (-1, 7983), (11824252, 6167), (11824255, 2229), (11824245, 2093), (11824254, 1903), (11824253, 1441), (11824247, 1355), (11824268, 1336), (11824262, 1083), (11824260, 1005), (11824261, 811), (11824246, 261), (11824259, 258), (11824248, 196), (11824258, 187), (11824263, 121), (11824244, 118), (11824249, 56), (11824257, 22), (11824256, 20), (11824270, 3)]

res_edu: D
	[('total_num', 17022), (11824283, 1548), (11824290, 1417), (11824285, 1292), (11824287, 1257), (11824280, 1122), (11824300, 1100), (11824586, 1060), (11824291, 1032), (11824282, 1023), (11824289, 892), (-1, 751), (11824281, 682), (11824294, 675), (11824306, 618), (11824305, 587), (11824302, 488), (11824295, 471), (11824286, 376), (11824293, 243), (11824301, 161), (11824292, 82), (11824288, 46), (11824284, 40), (11824303, 12), (11824333, 11), (11824260, 7), (11824255, 6), (11824253, 5), (11824262, 4), (11824245, 4), (11824370, 2), (11824244, 2), (11824257, 1), (11824297, 1), (11824304, 1), (11824254, 1), (11824352, 1), (11824365, 1)]

res_edu: E
	[('total_num', 16900), (-1, 5929), (11824282, 1727), (11824333, 1175), (11824286, 1044), (11824365, 825), (11824348, 752), (11824370, 721), (11824352, 710), (11824293, 705), (11824289, 601), (11824308, 553), (11824314, 535), (11824294, 532), (11824299, 168), (11824301, 164), (11824295, 104), (11824367, 69), (11824363, 60), (11824281, 59), (11824349, 44), (11824366, 44), (11824326, 32), (11824325, 31), (11824354, 28), (11824285, 24), (11824350, 22), (11824355, 20), (11824357, 18), (11824303, 16), (11824364, 16), (11824336, 15), (11824351, 14), (11824369, 14), (11824368, 12), (11824376, 12), (11824338, 9), (11824296, 8), (11824329, 8), (11824359, 8), (11824361, 8), (11824280, 7), (11824335, 7), (11824371, 6), (11824298, 4), (11824305, 4), (11824315, 4), (11824327, 4), (11824586, 4), (11824375, 4), (11824300, 2), (11824245, 2), (11824374, 2), (11824358, 2), (11824356, 2), (11824372, 2), (11824246, 2), (11824254, 2), (11824260, 1), (11824291, 1), (11824353, 1), (11824252, 1)]

res_edu: Z
	[('total_num', 128), (11824246, 37), (11824262, 25), (11824260, 24), (11824245, 18), (11824244, 5), (11824268, 4), (11824248, 4), (11824252, 4), (11824261, 3), (11824253, 2), (3118, 1), (11824255, 1)]

0:00:09.295170
