==========
find_hotResources:
Click_num: 100
filter_total_id_num: 294320
total_id_num: 1179121
click_num: 100
==================
count_userEdu_to_resEdu:
user_edu: -1
	res_edu: A, [('total_use_num', 4437), (11824261, 11), (11824249, 3), (11824246, 2), (11824248, 2), (11824244, 1), (11824252, 1)]
	res_edu: B, [('total_use_num', 208471), (11824255, 329), (-1, 306), (11824261, 104), (11824254, 65), (11824253, 41), (11824262, 39), (11824245, 24), (11824268, 19), (11824246, 19), (11824247, 17), (11824252, 17), (11824260, 14), (11824244, 7), (11824258, 3), (11824248, 3), (11824259, 2), (11824249, 2), (11824270, 1)]
	res_edu: C, [('total_use_num', 38192), (11824255, 53), (11824252, 45), (-1, 23), (11824253, 19), (11824245, 14), (11824254, 9), (11824261, 5), (11824247, 5), (11824246, 4), (11824259, 3), (11824260, 3), (11824258, 2), (11824263, 2), (11824262, 1), (11824268, 1), (11824249, 1)]
	res_edu: D, [('total_use_num', 13826), (11824280, 56), (11824294, 3), (11824285, 3), (11824290, 2), (11824291, 2), (11824292, 2), (11824302, 2), (11824305, 2), (11824295, 1), (11824301, 1), (11824304, 1), (11824282, 1), (11824287, 1)]
	res_edu: E, [('total_use_num', 1230), (11824352, 1), (11824289, 1), (11824260, 1), (11824308, 1), (11824280, 1), (11824281, 1), (11824348, 1)]
	res_edu: Z, [('total_use_num', 1032), (11824262, 3), (11824245, 2), (11824246, 1)]
------
user_edu: A
	res_edu: A, [(11824261, 1), ('total_use_num', 1)]
	res_edu: B, [('total_use_num', 11), (-1, 5), (11824261, 2), (11824246, 1), (11824247, 1), (11824253, 1), (11824255, 1)]
	res_edu: D, [('total_use_num', 2), (11824280, 1), (11824290, 1)]
------
user_edu: B
	res_edu: A, [('total_use_num', 595), (11824261, 11), (11824249, 3), (11824246, 2), (11824248, 2), (11824244, 1), (11824252, 1)]
	res_edu: B, [('total_use_num', 8018), (11824255, 292), (-1, 235), (11824261, 96), (11824254, 60), (11824262, 34), (11824253, 29), (11824245, 18), (11824268, 15), (11824247, 14), (11824260, 13), (11824246, 13), (11824252, 13), (11824244, 7), (11824258, 2), (11824248, 2), (11824249, 2), (11824259, 1), (11824270, 1)]
	res_edu: C, [('total_use_num', 820), (11824255, 19), (-1, 10), (11824253, 6), (11824252, 5), (11824247, 4), (11824245, 4), (11824261, 3), (11824254, 3), (11824260, 2), (11824259, 1), (11824262, 1), (11824263, 1), (11824246, 1), (11824249, 1)]
	res_edu: D, [('total_use_num', 353), (11824280, 26), (11824290, 2), (11824292, 2), (11824285, 2), (11824291, 1), (11824294, 1), (11824301, 1), (11824282, 1)]
	res_edu: E, [('total_use_num', 41), (11824289, 1), (11824308, 1)]
	res_edu: Z, [('total_use_num', 67), (11824262, 3), (11824245, 2), (11824246, 1)]
------
user_edu: C
	res_edu: A, [('total_use_num', 73), (11824261, 9), (11824249, 3), (11824246, 2), (11824248, 2), (11824244, 1), (11824252, 1)]
	res_edu: B, [('total_use_num', 1472), (-1, 91), (11824261, 78), (11824255, 61), (11824254, 29), (11824262, 28), (11824253, 21), (11824245, 13), (11824260, 10), (11824268, 10), (11824247, 8), (11824244, 7), (11824252, 5), (11824246, 4), (11824258, 2), (11824270, 1), (11824248, 1), (11824249, 1)]
	res_edu: C, [('total_use_num', 858), (11824255, 37), (11824252, 22), (-1, 11), (11824253, 11), (11824254, 9), (11824245, 8), (11824261, 4), (11824259, 3), (11824246, 3), (11824260, 2), (11824263, 2), (11824247, 2), (11824262, 1), (11824268, 1), (11824249, 1)]
	res_edu: D, [('total_use_num', 129), (11824280, 15), (11824292, 2), (11824294, 2), (11824285, 2), (11824290, 1), (11824291, 1), (11824301, 1), (11824304, 1), (11824305, 1), (11824282, 1)]
	res_edu: E, [('total_use_num', 17), (11824280, 1), (11824289, 1), (11824260, 1), (11824308, 1)]
	res_edu: Z, [('total_use_num', 11), (11824262, 3), (11824245, 1)]
------
user_edu: D
	res_edu: A, [('total_use_num', 10), (11824261, 6), (11824249, 2), (11824246, 1), (11824244, 1)]
	res_edu: B, [('total_use_num', 301), (-1, 51), (11824255, 51), (11824261, 49), (11824253, 15), (11824262, 14), (11824254, 11), (11824260, 8), (11824245, 8), (11824268, 7), (11824247, 6), (11824244, 5), (11824252, 5), (11824258, 2), (11824246, 2), (11824248, 2), (11824259, 1), (11824270, 1), (11824249, 1)]
	res_edu: C, [('total_use_num', 48), (11824255, 10), (-1, 7), (11824254, 4), (11824245, 3), (11824252, 3), (11824253, 3), (11824260, 2), (11824261, 2), (11824246, 2), (11824259, 1), (11824262, 1), (11824263, 1)]
	res_edu: D, [('total_use_num', 30), (11824280, 14), (11824285, 3), (11824290, 2), (11824291, 1), (11824292, 1), (11824282, 1)]
	res_edu: E, [('total_use_num', 4), (11824280, 1), (11824289, 1), (11824260, 1), (11824308, 1)]
	res_edu: Z, [('total_use_num', 3), (11824262, 1), (11824245, 1), (11824246, 1)]
------
user_edu: E
	res_edu: A, [('total_use_num', 4), (11824261, 3), (11824244, 1)]
	res_edu: B, [('total_use_num', 52), (11824261, 14), (-1, 10), (11824255, 6), (11824262, 5), (11824260, 3), (11824253, 3), (11824254, 2), (11824247, 2), (11824258, 1), (11824244, 1)]
	res_edu: C, [('total_use_num', 10), (-1, 2), (11824253, 2), (11824255, 2), (11824261, 1), (11824263, 1), (11824254, 1)]
	res_edu: D, [('total_use_num', 9), (11824280, 7), (11824285, 1)]
	res_edu: E, [(11824260, 1), ('total_use_num', 1)]
	res_edu: Z, [(11824246, 1), ('total_use_num', 1)]
------
user_edu: F
	res_edu: A, [('total_use_num', 8), (11824249, 3), (11824261, 3), (11824244, 1)]
	res_edu: B, [('total_use_num', 171), (-1, 39), (11824261, 28), (11824255, 27), (11824253, 9), (11824254, 8), (11824262, 5), (11824247, 5), (11824245, 4), (11824260, 3), (11824252, 3), (11824268, 2), (11824258, 1), (11824246, 1), (11824248, 1), (11824249, 1)]
	res_edu: C, [('total_use_num', 21), (11824255, 5), (11824253, 3), (-1, 2), (11824260, 1), (11824263, 1)]
	res_edu: D, [('total_use_num', 17), (11824280, 9), (11824292, 1), (11824285, 1), (11824294, 1)]
	res_edu: E, [('total_use_num', 3), (11824289, 1), (11824260, 1), (11824308, 1)]
------
user_edu: G
	res_edu: A, [('total_use_num', 2), (11824261, 1)]
	res_edu: B, [('total_use_num', 5), (-1, 2), (11824261, 2), (11824255, 1)]
	res_edu: C, [('total_use_num', 3), (11824255, 3)]
	res_edu: D, [('total_use_num', 2), (11824280, 1), (11824294, 1)]
------
user_edu: H
	res_edu: A, [('total_use_num', 20), (11824261, 9), (11824248, 2), (11824244, 1), (11824246, 1), (11824249, 1)]
	res_edu: B, [('total_use_num', 152), (11824261, 40), (-1, 24), (11824255, 21), (11824262, 5), (11824245, 5), (11824254, 4), (11824247, 4), (11824268, 3), (11824258, 2), (11824260, 2), (11824246, 1), (11824248, 1), (11824252, 1), (11824253, 1)]
	res_edu: C, [('total_use_num', 22), (11824255, 6), (-1, 3), (11824260, 2), (11824259, 1), (11824263, 1), (11824245, 1), (11824253, 1), (11824254, 1)]
	res_edu: D, [('total_use_num', 21), (11824280, 10), (11824292, 2), (11824290, 1), (11824294, 1), (11824285, 1)]
	res_edu: E, [('total_use_num', 2), (11824289, 1), (11824308, 1)]
------
user_edu: Z
	res_edu: A, [('total_use_num', 8), (11824261, 5), (11824246, 1)]
	res_edu: B, [('total_use_num', 149), (11824255, 54), (11824261, 23), (-1, 16), (11824253, 6), (11824262, 4), (11824260, 3), (11824246, 3), (11824247, 3), (11824245, 2), (11824254, 1), (11824270, 1), (11824248, 1), (11824252, 1)]
	res_edu: C, [('total_use_num', 13), (11824255, 3), (11824254, 2), (11824259, 1), (11824260, 1), (11824263, 1), (11824247, 1), (11824246, 1), (11824245, 1)]
	res_edu: D, [('total_use_num', 12), (11824280, 6), (11824285, 2), (11824290, 1), (11824294, 1)]
	res_edu: E, [('total_use_num', 3), (11824289, 1), (11824308, 1)]
	res_edu: Z, [('total_use_num', 3), (11824262, 1), (11824245, 1)]
------
0:02:47.234833
