==========
find_hotResources:
Click_num: 1
filter_total_id_num: 1179121
total_id_num: 1179121
click_num: 1
==================
count_userEdu_to_resEdu:
user_edu: -1
	res_edu: , [('total_use_num', 21), (11824258, 1), (-1, 1)]
	res_edu: A, [('total_use_num', 5926), (11824261, 42), (11824259, 20), (11824248, 12), (11824246, 10), (11824252, 6), (11824268, 4), (11824249, 4), (11824247, 3), (11824263, 1), (11824244, 1), (11824245, 1)]
	res_edu: B, [('total_use_num', 739800), (-1, 28678), (11824255, 6960), (11824245, 5234), (11824254, 4963), (11824262, 3896), (11824261, 3324), (11824252, 3057), (11824246, 2352), (11824253, 1716), (11824247, 1616), (11824268, 1602), (11824260, 1324), (11824248, 1152), (11824256, 546), (11824263, 536), (11824244, 360), (11824258, 314), (11824259, 216), (11824257, 130), (11824249, 84), (3118, 62), (11824270, 59), (11824299, 2)]
	res_edu: C, [('total_use_num', 183613), (11824252, 3440), (-1, 2522), (11824245, 2025), (11824255, 1716), (11824254, 1416), (11824253, 1196), (11824262, 863), (11824247, 848), (11824261, 687), (11824268, 608), (11824260, 578), (11824246, 204), (11824263, 112), (11824248, 112), (11824244, 103), (11824258, 87), (11824259, 86), (11824249, 42), (11824257, 17), (11824256, 10), (11824270, 2)]
	res_edu: D, [('total_use_num', 91113), (11824283, 1196), (11824280, 1092), (11824290, 960), (11824287, 940), (11824285, 792), (11824300, 649), (11824281, 639), (11824291, 608), (11824289, 543), (11824294, 533), (11824282, 490), (11824586, 437), (11824306, 373), (11824302, 365), (11824305, 348), (11824295, 235), (11824286, 226), (11824293, 170), (-1, 158), (11824301, 126), (11824292, 50), (11824288, 46), (11824284, 36), (11824303, 10), (11824333, 9), (11824370, 2), (11824245, 2), (11824262, 1), (11824297, 1), (11824304, 1), (11824365, 1), (11824244, 1)]
	res_edu: E, [('total_use_num', 31848), (11824282, 1098), (-1, 907), (11824333, 776), (11824365, 603), (11824286, 525), (11824370, 519), (11824308, 389), (11824314, 362), (11824352, 267), (11824289, 238), (11824294, 237), (11824348, 229), (11824293, 103), (11824301, 97), (11824295, 72), (11824281, 59), (11824367, 48), (11824299, 43), (11824363, 37), (11824349, 32), (11824366, 29), (11824325, 25), (11824285, 21), (11824350, 19), (11824354, 18), (11824326, 17), (11824364, 16), (11824336, 11), (11824355, 11), (11824357, 11), (11824368, 11), (11824369, 11), (11824303, 10), (11824351, 10), (11824296, 8), (11824329, 8), (11824338, 8), (11824280, 7), (11824361, 6), (11824376, 6), (11824335, 5), (11824371, 5), (11824298, 4), (11824305, 4), (11824315, 4), (11824375, 4), (11824327, 3), (11824586, 3), (11824359, 3), (11824300, 2), (11824356, 2), (11824372, 2), (11824374, 2), (11824260, 1), (11824291, 1), (11824245, 1), (11824353, 1), (11824358, 1), (11824254, 1)]
	res_edu: Z, [('total_use_num', 3313), (11824246, 35), (11824262, 25), (11824260, 16), (11824245, 16), (11824268, 3), (11824252, 2), (11824261, 1), (3118, 1), (11824248, 1)]
------
user_edu: A
	res_edu: A, [(11824261, 1), ('total_use_num', 1)]
	res_edu: B, [('total_use_num', 18), (-1, 6), (11824253, 4), (11824261, 2), (11824252, 2), (11824268, 1), (11824246, 1), (11824247, 1), (11824255, 1)]
	res_edu: C, [('total_use_num', 2), (11824252, 1), (11824253, 1)]
	res_edu: D, [('total_use_num', 2), (11824280, 1), (11824290, 1)]
------
user_edu: B
	res_edu: , [('total_use_num', 2), (11824258, 1)]
	res_edu: A, [('total_use_num', 798), (11824261, 29), (11824259, 13), (11824248, 8), (11824246, 7), (11824252, 5), (11824249, 3), (11824268, 2), (11824247, 2), (11824263, 1), (11824244, 1)]
	res_edu: B, [('total_use_num', 38294), (-1, 4114), (11824255, 2557), (11824254, 1921), (11824261, 1550), (11824262, 1540), (11824252, 1473), (11824268, 1028), (11824247, 1024), (11824245, 618), (11824253, 609), (11824260, 594), (11824246, 477), (11824263, 391), (11824248, 379), (11824244, 300), (11824256, 278), (11824258, 203), (11824259, 131), (11824257, 104), (11824249, 59), (3118, 46), (11824270, 28)]
	res_edu: C, [('total_use_num', 1947), (11824252, 109), (11824255, 103), (-1, 101), (11824261, 68), (11824262, 68), (11824254, 62), (11824247, 56), (11824253, 56), (11824245, 54), (11824260, 40), (11824268, 32), (11824244, 19), (11824248, 19), (11824246, 13), (11824263, 12), (11824249, 5), (11824258, 4), (11824259, 3), (11824256, 1), (11824257, 1), (11824270, 1)]
	res_edu: D, [('total_use_num', 757), (11824280, 97), (11824289, 26), (11824290, 26), (11824285, 19), (11824291, 19), (11824293, 16), (11824292, 15), (11824295, 13), (11824283, 12), (11824294, 12), (11824301, 12), (11824586, 12), (11824282, 10), (11824281, 9), (11824306, 9), (11824284, 7), (11824287, 7), (11824286, 5), (11824300, 5), (11824302, 4), (11824305, 4), (11824288, 3), (11824245, 1), (-1, 1)]
	res_edu: E, [('total_use_num', 191), (11824282, 19), (11824308, 17), (11824370, 16), (11824333, 14), (-1, 13), (11824289, 9), (11824286, 7), (11824352, 4), (11824296, 4), (11824348, 4), (11824294, 3), (11824285, 3), (11824365, 3), (11824295, 2), (11824366, 2), (11824314, 2), (11824335, 1), (11824301, 1), (11824281, 1)]
	res_edu: Z, [('total_use_num', 376), (11824246, 27), (11824262, 24), (11824260, 14), (11824245, 14), (11824268, 2), (11824252, 2), (11824261, 1), (3118, 1), (11824248, 1)]
------
user_edu: C
	res_edu: , [(11824258, 1), ('total_use_num', 1)]
	res_edu: A, [('total_use_num', 97), (11824261, 16), (11824246, 6), (11824259, 4), (11824248, 3), (11824249, 3), (11824244, 1), (11824252, 1)]
	res_edu: B, [('total_use_num', 5889), (-1, 906), (11824254, 582), (11824245, 304), (11824255, 281), (11824262, 260), (11824261, 234), (11824260, 216), (11824252, 173), (11824253, 128), (11824268, 88), (11824246, 83), (11824248, 66), (11824247, 65), (11824244, 38), (11824263, 37), (11824258, 23), (11824256, 21), (11824259, 16), (3118, 11), (11824257, 6), (11824249, 6), (11824270, 5)]
	res_edu: C, [('total_use_num', 6019), (11824255, 704), (11824254, 493), (11824253, 407), (11824252, 399), (11824245, 316), (11824262, 285), (11824247, 275), (11824261, 197), (-1, 189), (11824260, 173), (11824268, 59), (11824263, 54), (11824259, 31), (11824249, 25), (11824246, 22), (11824258, 20), (11824244, 19), (11824248, 17), (11824257, 4), (11824256, 2)]
	res_edu: D, [('total_use_num', 423), (11824280, 42), (11824295, 34), (11824301, 26), (11824285, 23), (11824282, 17), (11824290, 16), (11824305, 15), (11824294, 14), (11824287, 13), (11824292, 11), (11824291, 10), (11824288, 9), (11824300, 9), (11824281, 8), (11824283, 8), (11824284, 8), (11824286, 5), (11824302, 4), (11824289, 3), (11824306, 3), (11824293, 2), (11824245, 2), (11824304, 1), (11824586, 1), (11824365, 1), (-1, 1)]
	res_edu: E, [('total_use_num', 216), (11824365, 104), (11824282, 37), (11824286, 6), (11824289, 5), (11824294, 5), (-1, 5), (11824348, 5), (11824333, 4), (11824314, 4), (11824293, 3), (11824295, 3), (11824308, 3), (11824352, 2), (11824363, 2), (11824370, 2), (11824260, 1), (11824586, 1), (11824285, 1), (11824301, 1), (11824280, 1)]
	res_edu: Z, [('total_use_num', 112), (11824246, 19), (11824262, 16), (11824245, 11), (11824260, 9), (11824268, 2), (11824261, 1), (3118, 1), (11824248, 1)]
------
user_edu: D
	res_edu: , [(11824258, 1), ('total_use_num', 1)]
	res_edu: A, [('total_use_num', 27), (11824261, 11), (11824259, 5), (11824246, 4), (11824249, 2), (11824244, 1), (11824248, 1), (11824252, 1)]
	res_edu: B, [('total_use_num', 1276), (-1, 228), (11824255, 167), (11824261, 134), (11824252, 113), (11824245, 95), (11824262, 90), (11824254, 85), (11824268, 68), (11824253, 48), (11824260, 43), (11824247, 32), (11824246, 27), (11824248, 18), (11824244, 17), (11824256, 13), (11824263, 7), (11824258, 5), (11824259, 5), (11824270, 3), (3118, 3), (11824249, 2)]
	res_edu: C, [('total_use_num', 240), (11824255, 42), (-1, 34), (11824252, 22), (11824262, 21), (11824253, 16), (11824261, 14), (11824247, 14), (11824268, 11), (11824245, 11), (11824254, 9), (11824260, 8), (11824263, 8), (11824259, 6), (11824244, 4), (11824246, 4), (11824248, 3), (11824257, 1), (11824258, 1), (11824249, 1)]
	res_edu: D, [('total_use_num', 377), (11824280, 74), (11824300, 45), (11824285, 44), (11824283, 36), (11824287, 20), (11824586, 15), (11824288, 12), (11824295, 11), (11824292, 10), (11824281, 9), (11824289, 8), (11824290, 8), (11824291, 7), (11824294, 7), (11824282, 6), (11824286, 6), (11824284, 4), (11824293, 4), (11824301, 4), (11824302, 3), (11824260, 1), (11824303, 1), (11824370, 1)]
	res_edu: E, [('total_use_num', 105), (11824282, 23), (11824286, 17), (11824352, 14), (11824295, 10), (11824308, 5), (11824296, 4), (11824348, 4), (11824289, 3), (11824314, 3), (11824370, 3), (11824293, 2), (11824301, 2), (11824349, 2), (-1, 2), (11824260, 1), (11824280, 1), (11824281, 1), (11824291, 1), (11824294, 1), (11824298, 1), (11824300, 1), (11824333, 1), (11824365, 1), (11824366, 1)]
	res_edu: Z, [('total_use_num', 23), (11824245, 9), (11824246, 5), (11824260, 4), (11824262, 3), (11824268, 1), (11824248, 1)]
------
user_edu: E
	res_edu: A, [('total_use_num', 6), (11824261, 4), (11824244, 1)]
	res_edu: B, [('total_use_num', 136), (-1, 30), (11824261, 19), (11824253, 15), (11824254, 15), (11824255, 14), (11824260, 10), (11824262, 9), (11824245, 9), (11824247, 2), (11824257, 1), (11824258, 1), (11824263, 1), (11824268, 1), (11824244, 1), (11824248, 1), (11824252, 1)]
	res_edu: C, [('total_use_num', 33), (-1, 7), (11824253, 5), (11824255, 5), (11824252, 4), (11824261, 3), (11824245, 3), (11824260, 1), (11824262, 1), (11824263, 1), (11824254, 1), (11824248, 1)]
	res_edu: D, [('total_use_num', 118), (11824280, 44), (11824285, 23), (11824283, 14), (11824294, 8), (11824291, 6), (11824290, 5), (11824293, 3), (11824295, 3), (11824300, 3), (11824287, 2), (11824297, 1), (11824586, 1), (11824302, 1), (11824286, 1), (11824281, 1)]
	res_edu: E, [('total_use_num', 136), (11824333, 19), (11824285, 18), (11824365, 17), (11824282, 12), (11824348, 9), (11824281, 7), (11824296, 5), (11824286, 4), (11824295, 4), (11824308, 4), (11824350, 4), (11824352, 4), (11824280, 3), (11824314, 3), (11824364, 3), (-1, 3), (11824293, 2), (11824294, 2), (11824370, 2), (11824372, 2), (11824260, 1), (11824298, 1), (11824301, 1), (11824303, 1), (11824305, 1), (11824586, 1), (11824252, 1)]
	res_edu: Z, [(11824246, 1), ('total_use_num', 1)]
------
user_edu: F
	res_edu: A, [('total_use_num', 12), (11824261, 4), (11824249, 3), (11824244, 1), (11824246, 1), (11824248, 1)]
	res_edu: B, [('total_use_num', 697), (-1, 223), (11824255, 90), (11824261, 62), (11824252, 47), (11824254, 43), (11824253, 35), (11824245, 32), (11824247, 27), (11824262, 24), (11824260, 18), (11824268, 15), (11824244, 10), (11824248, 9), (11824246, 7), (11824257, 4), (11824256, 3), (11824263, 3), (11824258, 2), (11824259, 1), (3118, 1), (11824249, 1)]
	res_edu: C, [('total_use_num', 153), (11824255, 23), (11824247, 20), (11824253, 18), (11824245, 17), (-1, 16), (11824254, 15), (11824252, 10), (11824261, 8), (11824262, 7), (11824260, 2), (11824263, 2), (11824268, 2), (11824257, 1), (11824258, 1), (11824259, 1)]
	res_edu: D, [('total_use_num', 76), (11824280, 18), (11824302, 8), (11824293, 6), (11824287, 6), (11824294, 5), (11824281, 5), (11824285, 5), (11824283, 4), (11824291, 2), (11824292, 2), (11824301, 2), (11824289, 1), (11824295, 1), (-1, 1), (11824300, 1), (11824286, 1), (11824282, 1)]
	res_edu: E, [('total_use_num', 50), (11824281, 7), (11824348, 6), (11824286, 6), (11824295, 5), (11824296, 4), (11824282, 4), (11824308, 3), (11824367, 2), (11824370, 2), (11824353, 1), (11824291, 1), (11824260, 1), (11824325, 1), (11824294, 1), (11824289, 1), (11824365, 1), (11824305, 1), (11824333, 1)]
	res_edu: Z, [('total_use_num', 11), (11824246, 4), (11824262, 3), (11824260, 2), (11824245, 1)]
------
user_edu: G
	res_edu: A, [('total_use_num', 2), (11824261, 1)]
	res_edu: B, [('total_use_num', 10), (-1, 4), (11824261, 2), (11824262, 1), (11824245, 1), (11824253, 1), (11824255, 1)]
	res_edu: C, [('total_use_num', 4), (11824255, 3), (-1, 1)]
	res_edu: D, [('total_use_num', 3), (11824294, 2), (11824280, 1)]
	res_edu: Z, [('total_use_num', 3), (11824260, 2), (11824262, 1)]
------
user_edu: H
	res_edu: , [(11824258, 1), ('total_use_num', 1)]
	res_edu: A, [('total_use_num', 32), (11824261, 15), (11824248, 4), (11824246, 2), (11824252, 2), (11824259, 1), (11824244, 1), (11824249, 1)]
	res_edu: B, [('total_use_num', 589), (-1, 100), (11824261, 95), (11824255, 92), (11824262, 60), (11824245, 28), (11824254, 25), (11824252, 24), (11824260, 19), (11824246, 17), (11824247, 17), (11824268, 12), (11824248, 12), (11824253, 12), (11824258, 6), (11824249, 5), (11824263, 4), (11824256, 3), (11824259, 2)]
	res_edu: C, [('total_use_num', 153), (11824255, 33), (-1, 22), (11824245, 15), (11824254, 14), (11824252, 14), (11824253, 9), (11824262, 7), (11824260, 6), (11824247, 4), (11824259, 3), (11824261, 3), (11824268, 3), (11824244, 2), (11824256, 1), (11824263, 1), (11824246, 1)]
	res_edu: D, [('total_use_num', 73), (11824280, 22), (11824283, 9), (11824303, 8), (11824292, 4), (11824290, 3), (11824285, 3), (11824301, 2), (11824281, 2), (11824288, 1), (11824289, 1), (11824291, 1), (11824293, 1), (11824294, 1), (11824305, 1), (11824282, 1), (11824284, 1)]
	res_edu: E, [('total_use_num', 31), (11824293, 13), (-1, 7), (11824289, 3), (11824295, 1), (11824286, 1), (11824367, 1), (11824338, 1), (11824308, 1), (11824282, 1), (11824314, 1), (11824349, 1)]
	res_edu: Z, [('total_use_num', 7), (11824262, 3), (11824260, 1), (11824268, 1), (11824245, 1), (11824246, 1)]
------
user_edu: Z
	res_edu: A, [('total_use_num', 11), (11824261, 6), (11824248, 1), (11824246, 1), (11824252, 1)]
	res_edu: B, [('total_use_num', 497), (11824255, 176), (-1, 56), (11824262, 49), (11824261, 46), (11824245, 39), (11824253, 20), (11824252, 10), (11824260, 9), (11824247, 9), (11824254, 9), (11824244, 7), (11824246, 7), (11824268, 6), (11824263, 4), (11824256, 3), (11824258, 3), (11824259, 3), (11824270, 2), (11824248, 2), (11824257, 1)]
	res_edu: C, [('total_use_num', 38), (11824245, 7), (11824254, 6), (11824255, 5), (11824261, 2), (11824262, 2), (-1, 2), (11824247, 2), (11824256, 1), (11824259, 1), (11824260, 1), (11824263, 1), (11824268, 1), (11824244, 1), (11824246, 1), (11824248, 1), (11824252, 1), (11824253, 1)]
	res_edu: D, [('total_use_num', 38), (11824280, 10), (11824292, 9), (11824287, 3), (11824293, 2), (11824586, 2), (11824285, 2), (11824288, 1), (11824290, 1), (11824294, 1), (11824303, 1), (11824245, 1), (11824283, 1), (11824284, 1), (11824286, 1)]
	res_edu: E, [('total_use_num', 39), (11824286, 10), (-1, 7), (11824289, 4), (11824293, 3), (11824294, 2), (11824296, 1), (11824365, 1), (11824301, 1), (11824350, 1), (11824372, 1), (11824375, 1), (11824308, 1), (11824282, 1), (11824348, 1), (11824349, 1), (11824245, 1)]
	res_edu: Z, [('total_use_num', 12), (11824245, 7), (11824262, 2), (11824268, 1), (11824260, 1)]
------
0:59:10.496840
